50
50
00000300000000000003030000000000000000000000000000
00030300000000000003030000000000000000000000000000
00030300000000000003030000000000000000000000000000
33030300000000000003030000000000000000000000000000
00030300000000033333030000000000000000000000000000
33030300003333333333030000000000000000000000000000
00030300003000000033030000000000000000000000000000
03330333333333333030030003000000000000000000000000
03000000000000303030333333000000000000000000000000
03333303333330303030000003000000000000000000000000
00000300000030303033333303000000000000000000000000
33330333333030303000000303000000000000000000000000
00030303333030313033333303000000000000000000000000
00030303303030303000000003000000000000000000000000
00030003303030303033300303000000000000000000000000
00030303303030303033300303000000000000000000000000
00030303303030303000000303000000000000000000000000
00000003303330303333330303333330000000000000000000
30333333300000000000030300000030000000000000000002
00303003333333333333030303333033333333333333333330
00303003000000000003030303000030000000000000000000
00303003000003333333030303033033303333333333333333
30303003000003000000000303000030000000000000000000
00303003000003333333033303333333333333333033333330
00303003000000000003030000003000000000000000000000
00303003000000300003030303303033333333333333333333
00000003000000300003030303303030000000000000000000
33333303000000300003030303303030000000000000000000
00000003000000300003030303303030000000000000000000
03333333000000300003030303303030000000000000000000
03000003000000300003030303303030000000000000000000
03000003000000300003030000003030000000000000000000
03000003000000300003333333333030000000000000000000
03000000000000300000000000000030000000000000000000
03000000000000300000000000000030000000000000000000
03000000000000300000000000000030000000000000000000
00000000000000300000000000000030000000000000000000
00000000000000300000000000000030000000000000000000
00000000000000300000000000000030000000000000000000
00000000000000300000000000000030000000000000000000
00000000000000300000000000000030000000000000000000
00000000000000300000000000000030000000000000000000
00000000000000300000000000000030000000000000000000
00000000000000300000000000000030000000000000000000
00000000000000300000000000000030000000000000000000
00000000000000300000000000000030000000000000000000
00000000000000300000000000000030000000000000000000
00000000000000300000000000000030000000000000000000
00000000000000300000000000000030000000000000000000
00000000000000300000000000000030000000000000000000
