50
50
00000000000003000000000000000030000000000000000000
10000000000003000000030000000330000000000000000000
00000000000003000000030000000300000000000000000000
00000000000003000000030000000300000000000000000000
00000000000003000000030000000300000000000000000000
00000000000033000000300000003300000000000000000000
00000000000030000000300000003000000000000000000000
00000000000030000000300000003000000000000000000000
00000000000330000000300000003000000000003000000000
00000000000300000003300000003000000000003000000000
00000000003000000003300000030000000000003020000000
00000000003000000003300000030000000000003000000000
00000000033000000033000000030000000000003333300000
00000000030000000033000000330000000000000000000000
00000000300000000033000000300000000000000000000000
00000003300000000033000000300000000000000000000000
00000003000000000033000000300000000000000000000000
00000033000000000030000000300000000000000000000000
00000330000000000030000000300000000000000000000000
00000300000000000330000000300000000000000000000000
00033000000000000300000000300000000000000000000000
00030000000000000300000000300000000000000000000000
00330000000000000300000003000000000000000000000000
00000000000000003000000003000000000000000000000000
00000000000000003000000003000000000000000000000000
00000000000000030000000003000000000000000000000000
00000000000000030000000003000000000000000000000000
00000000000000300000000033000000000000000000000000
00000000000000300000000030000000000000000000000000
00000000000003000000000030000000000000000000000000
00000000000033000000000030000000000000000000000000
00000000000330000000000030000000000000000000000000
00000000003300000000000330000000000000000000000000
00000003330000000000000300000000000000000000000000
00033330000000000000000300000000000000000000000000
03300000000000000000003000000000000000000000000000
30000000000000000000003000000000000000000000000000
00000000000000000000033000000000000000000000000000
00000000000000000000030000000000000000000000000000
00000000000000000000330000000000000000000000000000
00000000000000000000300000000000000000000000000000
00000000000000000000300000000000000000000000000000
00000000000000000003000000000000000000000000000000
00000000000000000030000000000000000000000000000000
00000000000000000030000000000000000000000000000000
00000000000000000300000000000000000000000000000000
00000000000000003300000000000000000000000000000000
00000000000000003000000000000000000000000000000000
00000000000000033000000000000000000000000000000000
00000000000000000000000000000000000000000000000000
